%% solve for ma1, mb1, ma2, mb2, rw1, rw2
 
y = [3.32, 10.09, 6.54, 9.95, 2.55, 5.31, 1.04, 2.61]';
A = [.257 1.6 0 0 1 0; ...
    0 0 .257 1.6 0 1 ; ...
    .112 9.69 0 0 1 0 ; ...
    0 0 .112 9.69 0 1; ... 
    .083 2.77 0 0 1 0 ; ... 
    0 0 .083 2.77 0 1; ... 
    .0425 .722 0 0 1 0 ; ... 
    0 0 .0425 .722 0 1 ];

x_truth = [8518, 565.6, 32470, 583.1, .228, .704]' * 1e-3;
 
x_est = A \ y;
